Lattice_Constant: 3.1851874176170263
Coherent_energy: -8.384294409587692
