Ef_<vac>:  3.282877099376492
E_1NN:  0.1733481787546225
E_2NN:  -0.20041668790690892
E_3NN:  -0.122062660318079
E_4NN:  0.17334817875439512
E_5NN:  -0.010268047961972115
